MAG,N_OBS,N_CUM,BIN_RTE,CUM_RTE,MFD_FIT,MFD_FIT_AREA_NORM
5.75,5,42,1.2501e-01,9.3161e-01,7.0744e-01,3.4766e-02
5.85,9,37,2.2501e-01,8.0660e-01,5.7350e-01,2.8183e-02
5.95,4,28,1.0001e-01,5.8159e-01,4.6477e-01,2.2840e-02
6.05,2,24,5.0003e-02,4.8158e-01,3.7652e-01,1.8503e-02
6.15,2,22,5.0003e-02,4.3158e-01,3.0489e-01,1.4983e-02
6.25,2,20,3.9218e-02,3.8158e-01,2.4675e-01,1.2126e-02
6.35,3,18,5.8826e-02,3.4236e-01,1.9955e-01,9.8067e-03
6.45,2,15,3.9218e-02,2.8353e-01,1.6125e-01,7.9243e-03
6.55,2,13,3.9218e-02,2.4432e-01,1.3016e-01,6.3963e-03
6.65,1,11,1.9609e-02,2.0510e-01,1.0492e-01,5.1560e-03
6.75,1,10,1.9609e-02,1.8549e-01,8.4434e-02,4.1493e-03
6.85,4,9,7.8435e-02,1.6588e-01,6.7807e-02,3.3322e-03
6.95,1,5,1.9609e-02,8.7445e-02,5.4311e-02,2.6690e-03
7.05,1,4,1.9609e-02,6.7836e-02,4.3356e-02,2.1306e-03
7.15,1,3,1.9609e-02,4.8227e-02,3.4464e-02,1.6937e-03
7.25,0,2,0.0000e+00,2.8618e-02,2.7247e-02,1.3390e-03
7.35,1,2,1.9609e-02,2.8618e-02,2.1389e-02,1.0511e-03
7.45,0,1,0.0000e+00,9.0092e-03,1.6634e-02,8.1744e-04
7.55,0,1,0.0000e+00,9.0092e-03,1.2774e-02,6.2777e-04
7.65,0,1,0.0000e+00,9.0092e-03,9.6415e-03,4.7381e-04
7.75,0,1,0.0000e+00,9.0092e-03,7.0987e-03,3.4885e-04
7.85,1,1,9.0092e-03,9.0092e-03,5.0348e-03,2.4742e-04
7.95,0,0,0.0000e+00,0.0000e+00,3.3595e-03,1.6509e-04
8.05,0,0,0.0000e+00,0.0000e+00,1.9996e-03,9.8268e-05
8.15,0,0,0.0000e+00,0.0000e+00,8.9589e-04,4.4027e-05
8.25,0,0,0.0000e+00,0.0000e+00,8.9589e-04,4.4027e-05
