MAG,N_OBS,N_CUM,BIN_RTE,CUM_RTE,MFD_FIT
2.85,45,151,8.7316e-01,2.8556e+00,2.6244e+00
2.95,33,106,6.4032e-01,1.9824e+00,1.9824e+00
3.0500000000000003,15,73,2.9105e-01,1.3421e+00,1.4974e+00
3.1500000000000004,18,58,3.4926e-01,1.0510e+00,1.1311e+00
3.2500000000000004,9,40,1.7463e-01,7.0175e-01,8.5442e-01
3.3500000000000005,3,31,5.8211e-02,5.2712e-01,6.4540e-01
3.4500000000000006,4,28,6.9521e-02,4.6891e-01,4.8752e-01
3.5500000000000007,8,24,1.3904e-01,3.9939e-01,3.6826e-01
3.650000000000001,3,16,5.2141e-02,2.6035e-01,2.7817e-01
3.750000000000001,3,13,5.2141e-02,2.0821e-01,2.1012e-01
3.850000000000001,1,10,1.7380e-02,1.5607e-01,1.5872e-01
3.950000000000001,2,9,3.4760e-02,1.3869e-01,1.1989e-01
4.050000000000001,0,7,0.0000e+00,1.0393e-01,9.0560e-02
4.150000000000001,2,7,3.3038e-02,1.0393e-01,6.8405e-02
4.250000000000002,2,5,3.3038e-02,7.0888e-02,5.1670e-02
4.350000000000001,1,3,1.6519e-02,3.7850e-02,3.9028e-02
4.450000000000001,0,2,0.0000e+00,2.1331e-02,2.9479e-02
4.550000000000002,1,2,1.3786e-02,2.1331e-02,2.2266e-02
4.650000000000002,0,1,0.0000e+00,7.5451e-03,1.6818e-02
4.750000000000002,0,1,0.0000e+00,7.5451e-03,1.2702e-02
4.850000000000001,0,1,0.0000e+00,7.5451e-03,9.5933e-03
4.950000000000002,0,1,0.0000e+00,7.5451e-03,7.2449e-03
5.0500000000000025,0,1,0.0000e+00,7.5451e-03,5.4710e-03
5.150000000000002,0,1,0.0000e+00,7.5451e-03,4.1311e-03
5.250000000000002,0,1,0.0000e+00,7.5451e-03,3.1189e-03
5.350000000000002,0,1,0.0000e+00,7.5451e-03,2.3543e-03
5.450000000000003,0,1,0.0000e+00,7.5451e-03,1.7768e-03
5.5500000000000025,0,1,0.0000e+00,7.5451e-03,1.3406e-03
5.650000000000002,0,1,0.0000e+00,7.5451e-03,1.0110e-03
5.750000000000003,0,1,0.0000e+00,7.5451e-03,7.6211e-04
5.850000000000003,1,1,7.5451e-03,7.5451e-03,5.7408e-04
5.950000000000003,0,0,0.0000e+00,0.0000e+00,4.3205e-04
6.0500000000000025,0,0,0.0000e+00,0.0000e+00,3.2476e-04
6.150000000000003,0,0,0.0000e+00,0.0000e+00,2.4372e-04
6.2500000000000036,0,0,0.0000e+00,0.0000e+00,1.8251e-04
6.350000000000003,0,0,0.0000e+00,0.0000e+00,1.3626e-04
6.450000000000003,0,0,0.0000e+00,0.0000e+00,1.0133e-04
6.550000000000003,0,0,0.0000e+00,0.0000e+00,7.4949e-05
6.650000000000004,0,0,0.0000e+00,0.0000e+00,5.5019e-05
6.7500000000000036,0,0,0.0000e+00,0.0000e+00,3.9964e-05
6.850000000000003,0,0,0.0000e+00,0.0000e+00,2.8592e-05
6.950000000000003,0,0,0.0000e+00,0.0000e+00,2.0002e-05
7.050000000000004,0,0,0.0000e+00,0.0000e+00,1.3513e-05
7.150000000000004,0,0,0.0000e+00,0.0000e+00,8.6117e-06
7.2500000000000036,0,0,0.0000e+00,0.0000e+00,4.9093e-06
7.350000000000003,0,0,0.0000e+00,0.0000e+00,2.1126e-06
7.450000000000005,0,0,0.0000e+00,0.0000e+00,0.0000e+00
