MAG,N_OBS,N_CUM,BIN_RTE,CUM_RTE,MFD_FIT
5.75,7,57,1.7501e-01,1.1726e+00,1.4967e+00
5.85,5,50,1.2501e-01,9.9755e-01,1.2649e+00
5.949999999999999,4,45,1.0001e-01,8.7254e-01,1.0688e+00
6.049999999999999,0,41,0.0000e+00,7.7253e-01,9.0290e-01
6.149999999999999,4,41,1.0001e-01,7.7253e-01,7.6249e-01
6.249999999999998,5,37,9.8044e-02,6.7253e-01,6.4367e-01
6.349999999999998,7,32,1.3726e-01,5.7448e-01,5.4312e-01
6.4499999999999975,4,25,7.8435e-02,4.3722e-01,4.5804e-01
6.549999999999997,6,21,1.1765e-01,3.5879e-01,3.8605e-01
6.649999999999997,1,15,1.9609e-02,2.4113e-01,3.2512e-01
6.7499999999999964,1,14,1.9609e-02,2.2153e-01,2.7357e-01
6.849999999999996,3,13,5.8826e-02,2.0192e-01,2.2995e-01
6.949999999999996,1,10,1.9609e-02,1.4309e-01,1.9304e-01
7.049999999999995,0,9,0.0000e+00,1.2348e-01,1.6180e-01
7.149999999999995,1,9,1.9609e-02,1.2348e-01,1.3537e-01
7.249999999999995,2,8,3.9218e-02,1.0387e-01,1.1300e-01
7.349999999999994,0,6,0.0000e+00,6.4655e-02,9.4077e-02
7.449999999999994,1,6,1.9609e-02,6.4655e-02,7.8062e-02
7.549999999999994,0,5,0.0000e+00,4.5046e-02,6.4510e-02
7.649999999999993,0,5,0.0000e+00,4.5046e-02,5.3042e-02
7.749999999999993,3,5,2.7028e-02,4.5046e-02,4.3338e-02
7.8499999999999925,0,2,0.0000e+00,1.8018e-02,3.5127e-02
7.949999999999992,1,2,9.0092e-03,1.8018e-02,2.8179e-02
8.049999999999992,1,1,9.0092e-03,9.0092e-03,2.2299e-02
8.149999999999991,0,0,0.0000e+00,0.0000e+00,1.7323e-02
8.249999999999991,0,0,0.0000e+00,0.0000e+00,1.3113e-02
8.34999999999999,0,0,0.0000e+00,0.0000e+00,9.5508e-03
8.44999999999999,0,0,0.0000e+00,0.0000e+00,6.5362e-03
8.54999999999999,0,0,0.0000e+00,0.0000e+00,3.9852e-03
8.64999999999999,0,0,0.0000e+00,0.0000e+00,1.8266e-03
8.74999999999999,0,0,0.0000e+00,0.0000e+00,1.8266e-03
