MAG,N_OBS,N_CUM,BIN_RTE,CUM_RTE,MFD_FIT
3.0500000000000003,38,223,9.8607e-01,5.5330e+00,5.6486e+00
3.1500000000000004,26,185,6.7468e-01,4.5469e+00,4.5465e+00
3.2500000000000004,20,159,5.1898e-01,3.8722e+00,3.6594e+00
3.3500000000000005,37,139,9.6012e-01,3.3532e+00,2.9453e+00
3.4500000000000006,19,102,4.9304e-01,2.3931e+00,2.3706e+00
3.5500000000000007,18,83,4.6709e-01,1.9001e+00,1.9080e+00
3.650000000000001,13,65,3.3734e-01,1.4330e+00,1.5357e+00
3.750000000000001,7,52,1.8164e-01,1.0956e+00,1.2360e+00
3.850000000000001,10,45,2.5949e-01,9.1399e-01,9.9478e-01
3.950000000000001,5,35,1.0518e-01,6.5450e-01,8.0062e-01
4.050000000000001,3,30,6.3109e-02,5.4932e-01,6.4434e-01
4.150000000000001,3,27,6.3109e-02,4.8621e-01,5.1855e-01
4.250000000000002,2,24,4.2073e-02,4.2310e-01,4.1730e-01
4.350000000000001,4,22,8.4145e-02,3.8103e-01,3.3581e-01
4.450000000000001,2,18,4.2073e-02,2.9688e-01,2.7021e-01
4.550000000000002,3,16,5.2141e-02,2.5481e-01,2.1741e-01
4.650000000000002,2,13,3.4760e-02,2.0267e-01,1.7492e-01
4.750000000000002,1,11,1.7380e-02,1.6791e-01,1.4071e-01
4.850000000000001,0,10,0.0000e+00,1.5053e-01,1.1318e-01
4.950000000000002,1,10,1.6796e-02,1.5053e-01,9.1020e-02
5.0500000000000025,2,9,3.3593e-02,1.3373e-01,7.3184e-02
5.150000000000002,1,7,1.6796e-02,1.0014e-01,5.8827e-02
5.250000000000002,0,6,0.0000e+00,8.3342e-02,4.7271e-02
5.350000000000002,2,6,3.3593e-02,8.3342e-02,3.7970e-02
5.450000000000003,0,4,0.0000e+00,4.9749e-02,3.0484e-02
5.5500000000000025,0,4,0.0000e+00,4.9749e-02,2.4458e-02
5.650000000000002,1,4,1.6796e-02,4.9749e-02,1.9607e-02
5.750000000000003,0,3,0.0000e+00,3.2953e-02,1.5704e-02
5.850000000000003,1,3,1.6796e-02,3.2953e-02,1.2561e-02
5.950000000000003,0,2,0.0000e+00,1.6157e-02,1.0032e-02
6.0500000000000025,1,2,8.8860e-03,1.6157e-02,7.9963e-03
6.150000000000003,0,1,0.0000e+00,7.2708e-03,6.3577e-03
6.2500000000000036,0,1,0.0000e+00,7.2708e-03,5.0388e-03
6.350000000000003,0,1,0.0000e+00,7.2708e-03,3.9772e-03
6.450000000000003,0,1,0.0000e+00,7.2708e-03,3.1228e-03
6.550000000000003,1,1,7.2708e-03,7.2708e-03,2.4350e-03
6.650000000000004,0,0,0.0000e+00,0.0000e+00,1.8814e-03
6.7500000000000036,0,0,0.0000e+00,0.0000e+00,1.4359e-03
6.850000000000003,0,0,0.0000e+00,0.0000e+00,1.0772e-03
6.950000000000004,0,0,0.0000e+00,0.0000e+00,7.8857e-04
7.050000000000004,0,0,0.0000e+00,0.0000e+00,5.5623e-04
7.150000000000004,0,0,0.0000e+00,0.0000e+00,3.6921e-04
7.2500000000000036,0,0,0.0000e+00,0.0000e+00,2.1868e-04
7.350000000000005,0,0,0.0000e+00,0.0000e+00,9.7522e-05
7.450000000000005,0,0,0.0000e+00,0.0000e+00,0.0000e+00
