MAG,N_OBS,N_CUM,BIN_RTE,CUM_RTE,MFD_FIT
3.05,7,57,1.8648e-01,1.4707e+00,1.4706e+00
3.15,6,50,1.5984e-01,1.2843e+00,1.2051e+00
3.25,0,44,0.0000e+00,1.1244e+00,9.8752e-01
3.35,11,44,2.9305e-01,1.1244e+00,8.0923e-01
3.45,4,33,1.0656e-01,8.3137e-01,6.6312e-01
3.55,4,29,1.0656e-01,7.2480e-01,5.4339e-01
3.65,7,25,1.8648e-01,6.1824e-01,4.4527e-01
3.75,1,18,2.6641e-02,4.3176e-01,3.6487e-01
3.85,0,17,0.0000e+00,4.0512e-01,2.9897e-01
3.95,3,17,7.9922e-02,4.0512e-01,2.4498e-01
4.05,1,14,2.6641e-02,3.2520e-01,2.0073e-01
4.15,5,13,1.3320e-01,2.9856e-01,1.6446e-01
4.25,2,8,5.3281e-02,1.6535e-01,1.3475e-01
4.35,0,6,0.0000e+00,1.1207e-01,1.1039e-01
4.45,0,6,0.0000e+00,1.1207e-01,9.0439e-02
4.55,0,6,0.0000e+00,1.1207e-01,7.4085e-02
4.65,0,6,0.0000e+00,1.1207e-01,6.0683e-02
4.75,0,6,0.0000e+00,1.1207e-01,4.9701e-02
4.85,0,6,0.0000e+00,1.1207e-01,4.0701e-02
4.95,1,6,1.8679e-02,1.1207e-01,3.3326e-02
5.05,1,5,1.8679e-02,9.3394e-02,2.7282e-02
5.15,2,4,3.7357e-02,7.4715e-02,2.2329e-02
5.25,0,2,0.0000e+00,3.7357e-02,1.8270e-02
5.35,1,2,1.8679e-02,3.7357e-02,1.4944e-02
5.45,0,1,0.0000e+00,1.8679e-02,1.2219e-02
5.55,1,1,1.8679e-02,1.8679e-02,9.9850e-03
5.65,0,0,0.0000e+00,0.0000e+00,8.1546e-03
5.75,0,0,0.0000e+00,0.0000e+00,6.6546e-03
5.85,0,0,0.0000e+00,0.0000e+00,5.4253e-03
5.95,0,0,0.0000e+00,0.0000e+00,4.4180e-03
6.05,0,0,0.0000e+00,0.0000e+00,3.5925e-03
6.15,0,0,0.0000e+00,0.0000e+00,2.9160e-03
6.25,0,0,0.0000e+00,0.0000e+00,2.3616e-03
6.35,0,0,0.0000e+00,0.0000e+00,1.9073e-03
6.45,0,0,0.0000e+00,0.0000e+00,1.5350e-03
6.55,0,0,0.0000e+00,0.0000e+00,1.2300e-03
6.65,0,0,0.0000e+00,0.0000e+00,9.7994e-04
6.75,0,0,0.0000e+00,0.0000e+00,7.7506e-04
6.85,0,0,0.0000e+00,0.0000e+00,6.0717e-04
6.95,0,0,0.0000e+00,0.0000e+00,4.6958e-04
7.05,0,0,0.0000e+00,0.0000e+00,3.5683e-04
7.15,0,0,0.0000e+00,0.0000e+00,2.6443e-04
7.25,0,0,0.0000e+00,0.0000e+00,1.8872e-04
7.35,0,0,0.0000e+00,0.0000e+00,1.2667e-04
7.45,0,0,0.0000e+00,0.0000e+00,7.5817e-05
7.55,0,0,0.0000e+00,0.0000e+00,3.4148e-05
7.65,0,0,0.0000e+00,0.0000e+00,-2.7537e-19
