MAG,N_OBS,N_CUM,BIN_RTE,CUM_RTE,MFD_FIT
2.95,6,46,1.9565e-01,1.3028e+00,1.3018e+00
3.05,5,40,1.6304e-01,1.1072e+00,1.1113e+00
3.15,4,35,1.3043e-01,9.4414e-01,9.4865e-01
3.25,10,31,3.2609e-01,8.1370e-01,8.0979e-01
3.35,1,21,3.2609e-02,4.8762e-01,6.9123e-01
3.45,2,20,4.9180e-02,4.5501e-01,5.9001e-01
3.55,2,18,4.9180e-02,4.0583e-01,5.0358e-01
3.65,5,16,1.2295e-01,3.5665e-01,4.2980e-01
3.75,0,11,0.0000e+00,2.3370e-01,3.6680e-01
3.85,1,11,2.4590e-02,2.3370e-01,3.1301e-01
3.95,1,10,2.1898e-02,2.0911e-01,2.6709e-01
4.05,2,9,4.3796e-02,1.8721e-01,2.2788e-01
4.15,0,7,0.0000e+00,1.4341e-01,1.9441e-01
4.25,2,7,4.3796e-02,1.4341e-01,1.6583e-01
4.35,0,5,0.0000e+00,9.9619e-02,1.4143e-01
4.45,1,5,2.0548e-02,9.9619e-02,1.2059e-01
4.55,0,4,0.0000e+00,7.9071e-02,1.0280e-01
4.65,0,4,0.0000e+00,7.9071e-02,8.7618e-02
4.75,0,4,0.0000e+00,7.9071e-02,7.4652e-02
4.85,2,4,4.1096e-02,7.9071e-02,6.3582e-02
4.95,0,2,0.0000e+00,3.7975e-02,5.4130e-02
5.05,1,2,1.8987e-02,3.7975e-02,4.6060e-02
5.15,0,1,0.0000e+00,1.8987e-02,3.9171e-02
5.25,1,1,1.8987e-02,1.8987e-02,3.3288e-02
5.35,0,0,0.0000e+00,0.0000e+00,2.8266e-02
5.45,0,0,0.0000e+00,0.0000e+00,2.3978e-02
5.55,0,0,0.0000e+00,0.0000e+00,2.0317e-02
5.65,0,0,0.0000e+00,0.0000e+00,1.7191e-02
5.75,0,0,0.0000e+00,0.0000e+00,1.4522e-02
5.85,0,0,0.0000e+00,0.0000e+00,1.2244e-02
5.95,0,0,0.0000e+00,0.0000e+00,1.0299e-02
6.05,0,0,0.0000e+00,0.0000e+00,8.6377e-03
6.15,0,0,0.0000e+00,0.0000e+00,7.2197e-03
6.25,0,0,0.0000e+00,0.0000e+00,6.0090e-03
6.35,0,0,0.0000e+00,0.0000e+00,4.9753e-03
6.45,0,0,0.0000e+00,0.0000e+00,4.0927e-03
6.55,0,0,0.0000e+00,0.0000e+00,3.3392e-03
6.65,0,0,0.0000e+00,0.0000e+00,2.6959e-03
6.75,0,0,0.0000e+00,0.0000e+00,2.1466e-03
6.85,0,0,0.0000e+00,0.0000e+00,1.6777e-03
6.95,0,0,0.0000e+00,0.0000e+00,1.2773e-03
7.05,0,0,0.0000e+00,0.0000e+00,9.3545e-04
7.15,0,0,0.0000e+00,0.0000e+00,6.4359e-04
7.25,0,0,0.0000e+00,0.0000e+00,3.9440e-04
7.35,0,0,0.0000e+00,0.0000e+00,1.8165e-04
7.45,0,0,0.0000e+00,0.0000e+00,-1.4131e-18
