MAG,N_OBS,N_CUM,BIN_RTE,CUM_RTE,MFD_FIT
2.45,42,171,1.3696e+00,4.7143e+00,4.0774e+00
2.55,18,129,5.8696e-01,3.3447e+00,3.3169e+00
2.65,17,111,5.5435e-01,2.7577e+00,2.6982e+00
2.75,20,94,5.6075e-01,2.2034e+00,2.1950e+00
2.85,13,74,3.6449e-01,1.6426e+00,1.7856e+00
2.95,14,61,3.0657e-01,1.2782e+00,1.4525e+00
3.05,12,47,2.6277e-01,9.7159e-01,1.1816e+00
3.15,3,35,6.5693e-02,7.0882e-01,9.6120e-01
3.25,7,32,1.5328e-01,6.4312e-01,7.8191e-01
3.35,5,25,1.0067e-01,4.8984e-01,6.3605e-01
3.45,4,20,8.0537e-02,3.8917e-01,5.1740e-01
3.55,2,16,4.0268e-02,3.0863e-01,4.2088e-01
3.65,1,14,2.0134e-02,2.6836e-01,3.4236e-01
3.75,2,13,4.0268e-02,2.4823e-01,2.7848e-01
3.85,3,11,6.0403e-02,2.0796e-01,2.2652e-01
3.95,3,8,5.6962e-02,1.4756e-01,1.8425e-01
4.05,0,5,0.0000e+00,9.0595e-02,1.4986e-01
4.15,0,5,0.0000e+00,9.0595e-02,1.2188e-01
4.25,0,5,0.0000e+00,9.0595e-02,9.9126e-02
4.35,1,5,1.8987e-02,9.0595e-02,8.0614e-02
4.45,1,4,1.8634e-02,7.1607e-02,6.5554e-02
4.55,1,3,1.8634e-02,5.2974e-02,5.3302e-02
4.65,1,2,1.8634e-02,3.4340e-02,4.3336e-02
4.75,0,1,0.0000e+00,1.5707e-02,3.5229e-02
4.85,0,1,0.0000e+00,1.5707e-02,2.8633e-02
4.95,0,1,0.0000e+00,1.5707e-02,2.3268e-02
5.05,1,1,1.5707e-02,1.5707e-02,1.8903e-02
5.15,0,0,0.0000e+00,0.0000e+00,1.5353e-02
5.25,0,0,0.0000e+00,0.0000e+00,1.2464e-02
5.35,0,0,0.0000e+00,0.0000e+00,1.0115e-02
5.45,0,0,0.0000e+00,0.0000e+00,8.2031e-03
5.55,0,0,0.0000e+00,0.0000e+00,6.6481e-03
5.65,0,0,0.0000e+00,0.0000e+00,5.3832e-03
5.75,0,0,0.0000e+00,0.0000e+00,4.3541e-03
5.85,0,0,0.0000e+00,0.0000e+00,3.5170e-03
5.95,0,0,0.0000e+00,0.0000e+00,2.8360e-03
6.05,0,0,0.0000e+00,0.0000e+00,2.2820e-03
6.15,0,0,0.0000e+00,0.0000e+00,1.8314e-03
6.25,0,0,0.0000e+00,0.0000e+00,1.4648e-03
6.35,0,0,0.0000e+00,0.0000e+00,1.1665e-03
6.45,0,0,0.0000e+00,0.0000e+00,9.2391e-04
6.55,0,0,0.0000e+00,0.0000e+00,7.2654e-04
6.65,0,0,0.0000e+00,0.0000e+00,5.6599e-04
6.75,0,0,0.0000e+00,0.0000e+00,4.3538e-04
6.85,0,0,0.0000e+00,0.0000e+00,3.2913e-04
6.95,0,0,0.0000e+00,0.0000e+00,2.4269e-04
7.05,0,0,0.0000e+00,0.0000e+00,1.7238e-04
7.15,0,0,0.0000e+00,0.0000e+00,1.1518e-04
7.25,0,0,0.0000e+00,0.0000e+00,6.8647e-05
7.35,0,0,0.0000e+00,0.0000e+00,3.0794e-05
7.45,0,0,0.0000e+00,0.0000e+00,0.0000e+00
