MAG,N_OBS,N_CUM,BIN_RTE,CUM_RTE,MFD_FIT
2.95,11,60,3.0000e-01,1.4795e+00,1.4792e+00
3.05,11,49,3.0000e-01,1.1795e+00,1.2211e+00
3.15,6,38,1.6364e-01,8.7949e-01,1.0081e+00
3.25,2,32,5.4545e-02,7.1585e-01,8.3218e-01
3.35,8,30,2.1818e-01,6.6130e-01,6.8697e-01
3.45,4,22,8.5714e-02,4.4312e-01,5.6709e-01
3.55,4,18,8.5714e-02,3.5741e-01,4.6812e-01
3.65,3,14,6.4286e-02,2.7169e-01,3.8641e-01
3.75,0,11,0.0000e+00,2.0741e-01,3.1896e-01
3.85,0,11,0.0000e+00,2.0741e-01,2.6328e-01
3.95,2,11,3.8710e-02,2.0741e-01,2.1730e-01
4.05,1,9,1.9355e-02,1.6870e-01,1.7935e-01
4.15,0,8,0.0000e+00,1.4934e-01,1.4802e-01
4.25,2,8,3.8710e-02,1.4934e-01,1.2215e-01
4.35,2,6,3.8710e-02,1.1063e-01,1.0080e-01
4.45,1,4,1.8293e-02,7.1924e-02,8.3168e-02
4.55,1,3,1.8293e-02,5.3631e-02,6.8614e-02
4.65,0,2,0.0000e+00,3.5338e-02,5.6599e-02
4.75,1,2,1.8293e-02,3.5338e-02,4.6679e-02
4.85,0,1,0.0000e+00,1.7045e-02,3.8490e-02
4.95,0,1,0.0000e+00,1.7045e-02,3.1730e-02
5.05,0,1,0.0000e+00,1.7045e-02,2.6149e-02
5.15,0,1,0.0000e+00,1.7045e-02,2.1541e-02
5.25,1,1,1.7045e-02,1.7045e-02,1.7737e-02
5.35,0,0,0.0000e+00,0.0000e+00,1.4597e-02
5.45,0,0,0.0000e+00,0.0000e+00,1.2004e-02
5.55,0,0,0.0000e+00,0.0000e+00,9.8639e-03
5.65,0,0,0.0000e+00,0.0000e+00,8.0969e-03
5.75,0,0,0.0000e+00,0.0000e+00,6.6382e-03
5.85,0,0,0.0000e+00,0.0000e+00,5.4340e-03
5.95,0,0,0.0000e+00,0.0000e+00,4.4398e-03
6.05,0,0,0.0000e+00,0.0000e+00,3.6190e-03
6.15,0,0,0.0000e+00,0.0000e+00,2.9414e-03
6.25,0,0,0.0000e+00,0.0000e+00,2.3820e-03
6.35,0,0,0.0000e+00,0.0000e+00,1.9202e-03
6.45,0,0,0.0000e+00,0.0000e+00,1.5390e-03
6.55,0,0,0.0000e+00,0.0000e+00,1.2242e-03
6.65,0,0,0.0000e+00,0.0000e+00,9.6440e-04
6.75,0,0,0.0000e+00,0.0000e+00,7.4988e-04
6.85,0,0,0.0000e+00,0.0000e+00,5.7279e-04
6.95,0,0,0.0000e+00,0.0000e+00,4.2658e-04
7.05,0,0,0.0000e+00,0.0000e+00,3.0588e-04
7.15,0,0,0.0000e+00,0.0000e+00,2.0624e-04
7.25,0,0,0.0000e+00,0.0000e+00,1.2398e-04
7.35,0,0,0.0000e+00,0.0000e+00,5.6066e-05
7.45,0,0,0.0000e+00,0.0000e+00,-4.7134e-19
