MAG,N_OBS,N_CUM,BIN_RTE,CUM_RTE,MFD_FIT
3.0500000000000003,254,1022,6.5911e+00,2.5521e+01,2.3628e+01
3.1500000000000004,129,768,3.3474e+00,1.8930e+01,1.8928e+01
3.2500000000000004,100,639,2.5949e+00,1.5582e+01,1.5163e+01
3.3500000000000005,144,539,3.7367e+00,1.2987e+01,1.2147e+01
3.4500000000000006,77,395,1.9981e+00,9.2507e+00,9.7311e+00
3.5500000000000007,57,318,1.4791e+00,7.2526e+00,7.7954e+00
3.650000000000001,53,261,1.3753e+00,5.7735e+00,6.2447e+00
3.750000000000001,36,208,9.3417e-01,4.3982e+00,5.0024e+00
3.850000000000001,17,172,4.4114e-01,3.4641e+00,4.0072e+00
3.950000000000001,33,155,6.9420e-01,3.0229e+00,3.2100e+00
4.050000000000001,19,122,3.9969e-01,2.3287e+00,2.5713e+00
4.150000000000001,22,103,4.6280e-01,1.9290e+00,2.0596e+00
4.250000000000002,9,81,1.8933e-01,1.4662e+00,1.6497e+00
4.350000000000001,15,72,3.1554e-01,1.2769e+00,1.3213e+00
4.450000000000001,10,57,2.1036e-01,9.6136e-01,1.0582e+00
4.550000000000002,9,47,1.5642e-01,7.5100e-01,8.4750e-01
4.650000000000002,7,38,1.2166e-01,5.9457e-01,6.7867e-01
4.750000000000002,3,31,5.2141e-02,4.7291e-01,5.4341e-01
4.850000000000001,2,28,3.4760e-02,4.2077e-01,4.3506e-01
4.950000000000002,10,26,1.6796e-01,3.8601e-01,3.4826e-01
5.0500000000000025,4,16,6.7185e-02,2.1805e-01,2.7872e-01
5.150000000000002,4,12,6.7185e-02,1.5086e-01,2.2302e-01
5.250000000000002,1,8,1.6796e-02,8.3678e-02,1.7839e-01
5.350000000000002,0,7,0.0000e+00,6.6882e-02,1.4264e-01
5.450000000000003,0,7,0.0000e+00,6.6882e-02,1.1400e-01
5.5500000000000025,1,7,1.6796e-02,6.6882e-02,9.1052e-02
5.650000000000002,0,6,0.0000e+00,5.0085e-02,7.2670e-02
5.750000000000003,0,6,0.0000e+00,5.0085e-02,5.7945e-02
5.850000000000003,0,6,0.0000e+00,5.0085e-02,4.6148e-02
5.950000000000003,0,6,0.0000e+00,5.0085e-02,3.6698e-02
6.0500000000000025,1,6,8.8860e-03,5.0085e-02,2.9127e-02
6.150000000000003,3,5,2.6658e-02,4.1200e-02,2.3062e-02
6.2500000000000036,0,2,0.0000e+00,1.4542e-02,1.8203e-02
6.350000000000003,0,2,0.0000e+00,1.4542e-02,1.4311e-02
6.450000000000003,0,2,0.0000e+00,1.4542e-02,1.1193e-02
6.550000000000003,1,2,7.2708e-03,1.4542e-02,8.6945e-03
6.650000000000004,0,1,0.0000e+00,7.2708e-03,6.6933e-03
6.7500000000000036,1,1,7.2708e-03,7.2708e-03,5.0901e-03
6.850000000000003,0,0,0.0000e+00,0.0000e+00,3.8058e-03
6.950000000000004,0,0,0.0000e+00,0.0000e+00,2.7769e-03
7.050000000000004,0,0,0.0000e+00,0.0000e+00,1.9526e-03
7.150000000000004,0,0,0.0000e+00,0.0000e+00,1.2923e-03
7.2500000000000036,0,0,0.0000e+00,0.0000e+00,7.6328e-04
7.350000000000005,0,0,0.0000e+00,0.0000e+00,3.3950e-04
7.450000000000005,0,0,0.0000e+00,0.0000e+00,0.0000e+00
