MAG,N_OBS,N_CUM,BIN_RTE,CUM_RTE,MFD_FIT
2.95,57,329,9.9067e-01,5.6707e+00,5.6704e+00
3.0500000000000003,92,272,1.5990e+00,4.6800e+00,4.5267e+00
3.1500000000000004,41,180,7.1259e-01,3.0811e+00,3.6136e+00
3.2500000000000004,22,139,3.8236e-01,2.3685e+00,2.8847e+00
3.3500000000000005,33,117,5.7355e-01,1.9861e+00,2.3028e+00
3.4500000000000006,18,84,3.1284e-01,1.4126e+00,1.8383e+00
3.5500000000000007,15,66,2.6070e-01,1.0997e+00,1.4675e+00
3.650000000000001,9,51,1.5642e-01,8.3903e-01,1.1714e+00
3.750000000000001,8,42,1.3904e-01,6.8260e-01,9.3511e-01
3.850000000000001,4,34,6.9521e-02,5.4356e-01,7.4644e-01
3.950000000000001,3,30,5.2141e-02,4.7404e-01,5.9582e-01
4.050000000000001,6,27,9.9113e-02,4.2190e-01,4.7558e-01
4.150000000000001,5,21,8.2594e-02,3.2279e-01,3.7959e-01
4.250000000000002,3,16,4.9557e-02,2.4019e-01,3.0296e-01
4.350000000000001,4,13,6.6075e-02,1.9064e-01,2.4179e-01
4.450000000000001,3,9,4.9557e-02,1.2456e-01,1.9295e-01
4.550000000000002,0,6,0.0000e+00,7.5006e-02,1.5396e-01
4.650000000000002,1,6,1.4807e-02,7.5006e-02,1.2284e-01
4.750000000000002,0,5,0.0000e+00,6.0199e-02,9.7994e-02
4.850000000000001,0,5,0.0000e+00,6.0199e-02,7.8159e-02
4.950000000000002,3,5,4.4420e-02,6.0199e-02,6.2324e-02
5.0500000000000025,0,2,0.0000e+00,1.5779e-02,4.9683e-02
5.150000000000002,0,2,0.0000e+00,1.5779e-02,3.9591e-02
5.250000000000002,0,2,0.0000e+00,1.5779e-02,3.1535e-02
5.350000000000002,0,2,0.0000e+00,1.5779e-02,2.5104e-02
5.450000000000003,0,2,0.0000e+00,1.5779e-02,1.9970e-02
5.5500000000000025,0,2,0.0000e+00,1.5779e-02,1.5871e-02
5.650000000000002,0,2,0.0000e+00,1.5779e-02,1.2599e-02
5.750000000000003,0,2,0.0000e+00,1.5779e-02,9.9868e-03
5.850000000000003,0,2,0.0000e+00,1.5779e-02,7.9015e-03
5.950000000000003,0,2,0.0000e+00,1.5779e-02,6.2368e-03
6.0500000000000025,1,2,8.5080e-03,1.5779e-02,4.9078e-03
6.150000000000003,0,1,0.0000e+00,7.2708e-03,3.8469e-03
6.2500000000000036,0,1,0.0000e+00,7.2708e-03,3.0000e-03
6.350000000000003,0,1,0.0000e+00,7.2708e-03,2.3238e-03
6.450000000000003,0,1,0.0000e+00,7.2708e-03,1.7841e-03
6.550000000000003,1,1,7.2708e-03,7.2708e-03,1.3532e-03
6.650000000000004,0,0,0.0000e+00,0.0000e+00,1.0092e-03
6.7500000000000036,0,0,0.0000e+00,0.0000e+00,7.3454e-04
6.850000000000003,0,0,0.0000e+00,0.0000e+00,5.1531e-04
6.950000000000004,0,0,0.0000e+00,0.0000e+00,3.4030e-04
7.050000000000003,0,0,0.0000e+00,0.0000e+00,2.0058e-04
7.150000000000004,0,0,0.0000e+00,0.0000e+00,8.9042e-05
7.250000000000004,0,0,0.0000e+00,0.0000e+00,0.0000e+00
