MAG,N_OBS,N_CUM,BIN_RTE,CUM_RTE,MFD_FIT,MFD_FIT_AREA_NORM
5.75,5,32,1.2501e-01,7.1395e-01,7.0748e-01,3.4766e-02
5.85,7,27,1.7501e-01,5.8894e-01,5.7352e-01,2.8183e-02
5.95,2,20,5.0003e-02,4.1393e-01,4.6479e-01,2.2840e-02
6.05,2,18,5.0003e-02,3.6393e-01,3.7654e-01,1.8503e-02
6.15,2,16,5.0003e-02,3.1393e-01,3.0490e-01,1.4983e-02
6.25,1,14,1.9609e-02,2.6392e-01,2.4676e-01,1.2126e-02
6.35,2,13,3.9218e-02,2.4432e-01,1.9956e-01,9.8067e-03
6.45,2,11,3.9218e-02,2.0510e-01,1.6126e-01,7.9243e-03
6.55,1,9,1.9609e-02,1.6588e-01,1.3016e-01,6.3963e-03
6.65,1,8,1.9609e-02,1.4627e-01,1.0492e-01,5.1560e-03
6.75,1,7,1.9609e-02,1.2666e-01,8.4438e-02,4.1493e-03
6.85,3,6,5.8826e-02,1.0705e-01,6.7810e-02,3.3322e-03
6.95,1,3,1.9609e-02,4.8227e-02,5.4313e-02,2.6690e-03
7.05,1,2,1.9609e-02,2.8618e-02,4.3358e-02,2.1306e-03
7.15,0,1,0.0000e+00,9.0092e-03,3.4466e-02,1.6937e-03
7.25,0,1,0.0000e+00,9.0092e-03,2.7248e-02,1.3390e-03
7.35,0,1,0.0000e+00,9.0092e-03,2.1390e-02,1.0511e-03
7.45,0,1,0.0000e+00,9.0092e-03,1.6635e-02,8.1744e-04
7.55,0,1,0.0000e+00,9.0092e-03,1.2775e-02,6.2777e-04
7.65,0,1,0.0000e+00,9.0092e-03,9.6420e-03,4.7381e-04
7.75,0,1,0.0000e+00,9.0092e-03,7.0990e-03,3.4885e-04
7.85,1,1,9.0092e-03,9.0092e-03,5.0350e-03,2.4742e-04
7.95,0,0,0.0000e+00,0.0000e+00,3.3596e-03,1.6509e-04
8.05,0,0,0.0000e+00,0.0000e+00,1.9997e-03,9.8268e-05
8.15,0,0,0.0000e+00,0.0000e+00,8.9593e-04,4.4027e-05
8.25,0,0,0.0000e+00,0.0000e+00,8.9593e-04,4.4027e-05
