MAG,N_OBS,N_CUM,BIN_RTE,CUM_RTE,MFD_FIT
3.0500000000000003,10,44,2.5949e-01,1.0788e+00,9.2889e-01
3.1500000000000004,6,34,1.5570e-01,8.1927e-01,7.8487e-01
3.2500000000000004,3,28,7.7848e-02,6.6357e-01,6.6317e-01
3.3500000000000005,4,25,1.0380e-01,5.8572e-01,5.6033e-01
3.4500000000000006,5,21,1.2975e-01,4.8193e-01,4.7343e-01
3.5500000000000007,5,16,1.2975e-01,3.5218e-01,4.0000e-01
3.650000000000001,1,11,2.5949e-02,2.2244e-01,3.3795e-01
3.750000000000001,1,10,2.5949e-02,1.9649e-01,2.8551e-01
3.850000000000001,1,9,2.5949e-02,1.7054e-01,2.4120e-01
3.950000000000001,1,8,2.1036e-02,1.4459e-01,2.0376e-01
4.050000000000001,2,7,4.2073e-02,1.2355e-01,1.7212e-01
4.150000000000001,0,5,0.0000e+00,8.1479e-02,1.4538e-01
4.250000000000002,0,5,0.0000e+00,8.1479e-02,1.2279e-01
4.350000000000001,0,5,0.0000e+00,8.1479e-02,1.0370e-01
4.450000000000001,1,5,2.1036e-02,8.1479e-02,8.7565e-02
4.550000000000002,1,4,1.7380e-02,6.0443e-02,7.3932e-02
4.650000000000002,1,3,1.7380e-02,4.3062e-02,6.2412e-02
4.750000000000002,0,2,0.0000e+00,2.5682e-02,5.2678e-02
4.850000000000001,0,2,0.0000e+00,2.5682e-02,4.4452e-02
4.950000000000002,0,2,0.0000e+00,2.5682e-02,3.7500e-02
5.0500000000000025,0,2,0.0000e+00,2.5682e-02,3.1626e-02
5.150000000000002,0,2,0.0000e+00,2.5682e-02,2.6663e-02
5.250000000000002,1,2,1.6796e-02,2.5682e-02,2.2468e-02
5.350000000000002,0,1,0.0000e+00,8.8860e-03,1.8924e-02
5.450000000000003,0,1,0.0000e+00,8.8860e-03,1.5929e-02
5.5500000000000025,0,1,0.0000e+00,8.8860e-03,1.3398e-02
5.650000000000002,0,1,0.0000e+00,8.8860e-03,1.1259e-02
5.750000000000003,0,1,0.0000e+00,8.8860e-03,9.4522e-03
5.850000000000003,0,1,0.0000e+00,8.8860e-03,7.9251e-03
5.950000000000003,0,1,0.0000e+00,8.8860e-03,6.6346e-03
6.0500000000000025,1,1,8.8860e-03,8.8860e-03,5.5441e-03
6.150000000000003,0,0,0.0000e+00,0.0000e+00,4.6226e-03
6.2500000000000036,0,0,0.0000e+00,0.0000e+00,3.8439e-03
6.350000000000003,0,0,0.0000e+00,0.0000e+00,3.1859e-03
6.450000000000003,0,0,0.0000e+00,0.0000e+00,2.6299e-03
6.550000000000003,0,0,0.0000e+00,0.0000e+00,2.1600e-03
6.650000000000004,0,0,0.0000e+00,0.0000e+00,1.7630e-03
6.7500000000000036,0,0,0.0000e+00,0.0000e+00,1.4275e-03
6.850000000000003,0,0,0.0000e+00,0.0000e+00,1.1440e-03
6.950000000000004,0,0,0.0000e+00,0.0000e+00,9.0440e-04
7.050000000000004,0,0,0.0000e+00,0.0000e+00,7.0196e-04
7.150000000000004,0,0,0.0000e+00,0.0000e+00,5.3088e-04
7.2500000000000036,0,0,0.0000e+00,0.0000e+00,3.8632e-04
7.350000000000005,0,0,0.0000e+00,0.0000e+00,2.6416e-04
7.450000000000005,0,0,0.0000e+00,0.0000e+00,1.6094e-04
7.550000000000004,0,0,0.0000e+00,0.0000e+00,7.3710e-05
7.650000000000004,0,0,0.0000e+00,0.0000e+00,-6.2470e-19
