MAG,N_OBS,N_CUM,BIN_RTE,CUM_RTE,MFD_FIT
5.75,4,45,1.0001e-01,1.0172e+00,1.0088e+00
5.85,7,41,1.7501e-01,9.1721e-01,8.0947e-01
5.949999999999999,6,34,1.5001e-01,7.4220e-01,6.4917e-01
6.049999999999999,6,28,1.5001e-01,5.9219e-01,5.2029e-01
6.149999999999999,2,22,5.0003e-02,4.4218e-01,4.1667e-01
6.249999999999998,7,20,1.3726e-01,3.9218e-01,3.3336e-01
6.349999999999998,0,13,0.0000e+00,2.5491e-01,2.6638e-01
6.4499999999999975,1,13,1.9609e-02,2.5491e-01,2.1253e-01
6.549999999999997,3,12,5.8826e-02,2.3531e-01,1.6923e-01
6.649999999999997,1,9,1.9609e-02,1.7648e-01,1.3442e-01
6.7499999999999964,1,8,1.9609e-02,1.5687e-01,1.0643e-01
6.849999999999996,1,7,1.9609e-02,1.3726e-01,8.3931e-02
6.949999999999996,0,6,0.0000e+00,1.1765e-01,6.5839e-02
7.049999999999995,3,6,5.8826e-02,1.1765e-01,5.1293e-02
7.149999999999995,0,3,0.0000e+00,5.8826e-02,3.9598e-02
7.249999999999995,1,3,1.9609e-02,5.8826e-02,3.0195e-02
7.349999999999994,2,2,3.9218e-02,3.9218e-02,2.2635e-02
7.449999999999994,0,0,0.0000e+00,0.0000e+00,1.6557e-02
7.549999999999994,0,0,0.0000e+00,0.0000e+00,1.1670e-02
7.649999999999993,0,0,0.0000e+00,0.0000e+00,7.7408e-03
7.749999999999993,0,0,0.0000e+00,0.0000e+00,4.5818e-03
7.8499999999999925,0,0,0.0000e+00,0.0000e+00,2.0420e-03
7.949999999999992,0,0,0.0000e+00,0.0000e+00,2.0420e-03
