MAG,N_OBS,N_CUM,BIN_RTE,CUM_RTE,MFD_FIT
2.95,12,90,3.2727e-01,2.1468e+00,2.1452e+00
3.05,10,78,2.7273e-01,1.8195e+00,1.8270e+00
3.15,4,68,1.0909e-01,1.5468e+00,1.5560e+00
3.25,7,64,1.9091e-01,1.4377e+00,1.3251e+00
3.35,12,57,3.2727e-01,1.2468e+00,1.1285e+00
3.45,12,45,2.5714e-01,9.1951e-01,9.6098e-01
3.55,7,33,1.5000e-01,6.6237e-01,8.1831e-01
3.65,6,26,1.2857e-01,5.1237e-01,6.9679e-01
3.75,2,20,4.2857e-02,3.8379e-01,5.9328e-01
3.85,3,18,6.4286e-02,3.4094e-01,5.0511e-01
3.95,3,15,5.8065e-02,2.7665e-01,4.3001e-01
4.05,2,12,3.8710e-02,2.1859e-01,3.6604e-01
4.15,1,10,1.9355e-02,1.7988e-01,3.1155e-01
4.25,1,9,1.9355e-02,1.6052e-01,2.6514e-01
4.35,1,8,1.9355e-02,1.4117e-01,2.2561e-01
4.45,1,7,1.8293e-02,1.2181e-01,1.9193e-01
4.55,0,6,0.0000e+00,1.0352e-01,1.6325e-01
4.65,0,6,0.0000e+00,1.0352e-01,1.3882e-01
4.75,1,6,1.8293e-02,1.0352e-01,1.1801e-01
4.85,0,5,0.0000e+00,8.5227e-02,1.0029e-01
4.95,1,5,1.7045e-02,8.5227e-02,8.5190e-02
5.05,1,4,1.7045e-02,6.8182e-02,7.2330e-02
5.15,0,3,0.0000e+00,5.1136e-02,6.1376e-02
5.25,0,3,0.0000e+00,5.1136e-02,5.2046e-02
5.35,0,3,0.0000e+00,5.1136e-02,4.4099e-02
5.45,1,3,1.7045e-02,5.1136e-02,3.7329e-02
5.55,2,2,3.4091e-02,3.4091e-02,3.1563e-02
5.65,0,0,0.0000e+00,0.0000e+00,2.6652e-02
5.75,0,0,0.0000e+00,0.0000e+00,2.2469e-02
5.85,0,0,0.0000e+00,0.0000e+00,1.8905e-02
5.95,0,0,0.0000e+00,0.0000e+00,1.5870e-02
6.05,0,0,0.0000e+00,0.0000e+00,1.3285e-02
6.15,0,0,0.0000e+00,0.0000e+00,1.1083e-02
6.25,0,0,0.0000e+00,0.0000e+00,9.2069e-03
6.35,0,0,0.0000e+00,0.0000e+00,7.6093e-03
6.45,0,0,0.0000e+00,0.0000e+00,6.2484e-03
6.55,0,0,0.0000e+00,0.0000e+00,5.0892e-03
6.65,0,0,0.0000e+00,0.0000e+00,4.1018e-03
6.75,0,0,0.0000e+00,0.0000e+00,3.2608e-03
6.85,0,0,0.0000e+00,0.0000e+00,2.5445e-03
6.95,0,0,0.0000e+00,0.0000e+00,1.9343e-03
7.05,0,0,0.0000e+00,0.0000e+00,1.4146e-03
7.15,0,0,0.0000e+00,0.0000e+00,9.7186e-04
7.25,0,0,0.0000e+00,0.0000e+00,5.9478e-04
7.35,0,0,0.0000e+00,0.0000e+00,2.7358e-04
7.45,0,0,0.0000e+00,0.0000e+00,-2.0946e-18
