MAG,N_OBS,N_CUM,BIN_RTE,CUM_RTE,MFD_FIT
2.95,67,578,1.8273e+00,1.3231e+01,1.3306e+01
3.05,42,511,1.1455e+00,1.1403e+01,1.1553e+01
3.15,52,469,1.4182e+00,1.0258e+01,1.0030e+01
3.25,39,417,1.0636e+00,8.8397e+00,8.7076e+00
3.35,32,378,8.7273e-01,7.7761e+00,7.5592e+00
3.45,36,346,7.7143e-01,6.9033e+00,6.5618e+00
3.55,42,310,9.0000e-01,6.1319e+00,5.6957e+00
3.65,38,268,8.1429e-01,5.2319e+00,4.9434e+00
3.75,21,230,4.5000e-01,4.4176e+00,4.2901e+00
3.85,24,209,5.1429e-01,3.9676e+00,3.7228e+00
3.95,31,185,6.0000e-01,3.4533e+00,3.2300e+00
4.05,34,154,6.5806e-01,2.8533e+00,2.8021e+00
4.15,18,120,3.4839e-01,2.1953e+00,2.4305e+00
4.25,5,102,9.6774e-02,1.8469e+00,2.1077e+00
4.35,17,97,3.2903e-01,1.7501e+00,1.8274e+00
4.45,15,80,2.7439e-01,1.4211e+00,1.5840e+00
4.55,11,65,2.0122e-01,1.1467e+00,1.3725e+00
4.65,10,54,1.8293e-01,9.4546e-01,1.1889e+00
4.75,12,44,2.1951e-01,7.6253e-01,1.0295e+00
4.85,12,32,2.1951e-01,5.4302e-01,8.9099e-01
4.95,4,20,6.8182e-02,3.2351e-01,7.7072e-01
5.05,3,16,5.1136e-02,2.5533e-01,6.6627e-01
5.15,1,13,1.7045e-02,2.0419e-01,5.7556e-01
5.25,2,12,3.4091e-02,1.8715e-01,4.9678e-01
5.35,1,10,1.7045e-02,1.5306e-01,4.2836e-01
5.45,1,9,1.7045e-02,1.3601e-01,3.6894e-01
5.55,4,8,6.8182e-02,1.1896e-01,3.1734e-01
5.65,1,4,1.7045e-02,5.0783e-02,2.7253e-01
5.75,1,3,1.7045e-02,3.3738e-02,2.3361e-01
5.85,0,2,0.0000e+00,1.6692e-02,1.9981e-01
5.95,0,2,0.0000e+00,1.6692e-02,1.7045e-01
6.05,1,2,9.3750e-03,1.6692e-02,1.4496e-01
6.15,0,1,0.0000e+00,7.3171e-03,1.2282e-01
6.25,0,1,0.0000e+00,7.3171e-03,1.0359e-01
6.35,0,1,0.0000e+00,7.3171e-03,8.6887e-02
6.45,1,1,7.3171e-03,7.3171e-03,7.2385e-02
6.55,0,0,0.0000e+00,0.0000e+00,5.9789e-02
6.65,0,0,0.0000e+00,0.0000e+00,4.8851e-02
6.75,0,0,0.0000e+00,0.0000e+00,3.9351e-02
6.85,0,0,0.0000e+00,0.0000e+00,3.1101e-02
6.95,0,0,0.0000e+00,0.0000e+00,2.3936e-02
7.05,0,0,0.0000e+00,0.0000e+00,1.7713e-02
7.15,0,0,0.0000e+00,0.0000e+00,1.2309e-02
7.25,0,0,0.0000e+00,0.0000e+00,7.6158e-03
7.35,0,0,0.0000e+00,0.0000e+00,3.5399e-03
7.45,0,0,0.0000e+00,0.0000e+00,-3.1138e-17
